y - 0, 1, 2, 3, 4, 5, 6, 7, 8
x1 - 1, 0.208, 0.177, 0.173, 0.168, 0.164, 0.16, 0.155, 0.151
x2 - 0.911879, 0.988253, 0.990292, 0.990641, 0.990711, 0.990729, 0.990737, 0.990741, 0.990743
x1` - 1.262626262626263 32.25806451612903 250 200 250 200 333.3333333333333

0.92428 0.988445 0.996114 0.998091 0.998852 0.999214 0.999411 0.999527

450 93.6 79.65 77.85 75.6 73.8 72 69.75 67.95
356.4 13.95 1.8 2.25 1.8 1.8 2.25 1.8

barit:  0.4
0%: 0.575664
1%: 0.702649
2%: 0.793725
3%: 0.856655
4%: 0.899336
5%: 0.928149
6%: 0.947702
7%: 0.961126
8%: 0.970485