 0  1  2  3  4  5  6  7  8 
Эталон 450 93.6 79.65 77.85 75.6 73.8 72 69.75 67.95
0 733.369 739.264 744.93 750.35 755.517 760.422 765.065 769.445 773.566 
0.01 363.248 216.326 121.859 70.9191 44.761 31.0051 23.3913 18.9407 16.2102 
0.02 391.901 204.938 112.759 74.1582 56.1504 46.0981 39.5465 34.8232 31.2253 
0.03 434.883 142.546 71.5151 58.5582 58.6706 62.4956 67.4857 72.8016 78.1155 
0.04 440.689 131.712 67.0765 57.3776 59.0962 63.8458 69.4209 75.1183 80.6739 
0.05 431.676 143.839 68.24 52.0078 51.6037 57.0023 64.8116 73.3617 81.6895 
0.06 440.195 134.998 65.1929 52.2278 53.446 59.7799 68.1822 77.1409 85.7801 
0.07 440.894 130.739 66.6242 56.0083 57.3566 62.3821 68.6568 75.2585 81.7794 
0.08 445.084 117.712 67.0209 61.9993 64.7453 68.632 72.1503 74.9817 77.1304 
0.09 442.672 125.448 67.0822 60.521 64.2908 69.3548 72.8909 74.2018 73.4739 
0.1 442.295 121.609 66.4454 60.8372 64.8124 69.7593 73.0431 74.0789 73.132 
0.11 446.646 117.238 70.5014 65.2138 66.7081 69.3186 71.8099 73.8603 75.3807 
0.12 444.603 121.142 68.9343 62.2675 64.3419 68.101 71.5728 74.1275 75.6014 
0.13 446.598 116.523 70.6172 65.4578 67.0569 69.653 71.9038 73.492 74.4019 
0.14 448.222 110.474 70.5673 68.966 72.0168 74.1229 74.2801 72.6129 69.5569 
0.15 448.225 109.909 70.4209 68.6279 71.4656 73.5724 73.9917 72.8183 70.4433 
0.16 448.263 110.18 70.4502 69.1018 72.4229 74.5584 74.4386 72.2933 68.7023 
0.17 448.078 109.242 71.4005 69.2066 71.2873 72.9186 73.3811 72.7696 71.3475 
0.18 449.465 108.658 71.4394 69.9401 72.4598 74.1246 74.189 72.8245 70.4283 
0.19 448.031 108.564 71.8099 69.4357 71.1732 72.5767 72.9503 72.3397 70.9557 
0.2 447.103 112.624 66.8637 62.8224 66.1403 70.2094 73.4534 75.7024 77.1617 
0.21 448.427 106.029 71.7512 70.9049 73.2309 74.3307 73.7123 71.6708 68.6401 
0.22 448.792 109.199 71.3005 68.9961 70.7818 72.3573 73.2647 73.6656 73.7606 
0.23 446.956 105.279 70.7213 70.0513 72.8005 74.197 73.5814 71.302 67.9413 
0.24 449.238 104.108 71.7636 72.1941 75.0884 75.9873 74.5362 71.2825 66.9173 
0.25 448.646 103.44 71.7607 71.9276 74.33 74.9216 73.613 71.0185 67.7428 
0.26 449.739 102.739 71.6463 73.1565 76.4667 77.0748 74.934 70.9516 66.0613 
0.27 449.418 103.08 71.8373 72.3735 75.2662 76.1626 74.6409 71.2186 66.6205 
0.28 447.232 104.326 69.0282 70.8923 75.8055 77.3798 75.1627 70.3027 64.0635 
0.29 449.68 102.966 72.7278 73.0977 75.4204 75.8162 74.1563 71.0279 67.0653 
0.3 448.883 102.514 72.9069 72.7796 74.4502 74.5999 73.2678 70.9461 68.0783 
0.31 449.844 103.359 72.3806 72.6587 75.2548 75.9721 74.4957 71.3838 67.3248 
0.32 448.823 101.33 72.1593 73.2756 75.9315 76.2285 74.1358 70.393 65.7756 
0.33 448.644 100.929 72.3293 73.2954 75.7744 76.0101 73.9524 70.2602 65.6215 
0.34 448.101 100.898 72.3534 72.9802 75.2375 75.4701 73.602 70.258 66.11 
0.35 449.648 101.461 71.4432 73.5659 77.1717 77.5572 74.8391 70.2283 64.8736 
0.36 449.615 100.824 72.6479 74.0346 76.6684 76.7704 74.3988 70.3797 65.5547 
0.37 449.722 100.738 71.5205 73.7417 77.5453 78.1713 75.3932 70.2164 63.8095 
0.38 449.043 100.505 72.7688 73.6347 75.8355 75.8774 73.7958 70.2924 66.0806 
0.39 448.765 99.766 72.1743 73.6667 76.453 76.6848 74.2483 69.8866 64.4709 
0.4 448.145 100.536 70.1282 74.0693 77.9272 77.175 73.4597 68.8247 64.4286 
0.41 450.175 99.834 72.9949 74.7675 77.3805 77.2782 74.6048 70.2099 64.9513 
0.42 449.921 99.7776 73.1096 74.7746 77.2245 77.0195 74.39 70.2136 65.3186 
0.43 449.57 99.3765 73.2834 74.7563 76.8534 76.4287 73.8702 70.0694 65.7728 
0.44 449.48 99.1705 73.1062 74.6524 76.8288 76.4399 73.847 69.9553 65.5459 
0.45 449.981 99.6652 73.9525 74.9587 76.6289 76.1321 73.8309 70.4778 66.6919 
0.46 449.138 99.0148 73.1234 74.4629 76.5183 76.156 73.6482 69.8155 65.4013 
0.47 448.92 98.4436 73.5489 74.8508 76.5412 75.9412 73.4448 69.7804 65.5538 
0.48 449.8 99.8308 74.1505 74.5225 76.0083 75.7368 73.7437 70.5317 66.6043 
0.49 449.609 98.4949 73.3252 75.0511 77.1284 76.5594 73.7898 69.7386 65.177 
0.5 449.702 98.9822 73.5818 74.9325 76.8456 76.3482 73.7925 70.0239 65.7762 
0.51 449.68 100.701 70.4759 73.3674 78.0009 78.8528 75.7378 69.9438 62.8737 
0.52 450.459 101.307 70.591 74.1125 78.9199 79.5231 76.212 70.4905 63.6874 
0.53 450.19 98.5678 73.5776 75.4737 77.5668 76.8732 73.9331 69.7619 65.1828 
0.54 449.769 98.7931 73.6119 75.1384 77.2335 76.8 74.1084 70.022 65.3514 
0.55 449.805 98.6606 73.3469 74.9485 77.2233 76.9264 74.2108 69.9031 64.8466 
0.56 449.888 98.6493 74.3362 75.2999 76.8111 76.2259 73.8152 70.2315 66.0386 
0.57 449.896 98.4122 72.7714 75.1013 77.8775 77.6024 74.5329 69.6479 63.9003 
0.58 449.375 98.721 72.3881 74.5063 77.4633 77.41 74.5009 69.7295 64.0665 
0.59 449.469 97.8885 73.5602 75.3308 77.362 76.7694 73.9499 69.7712 64.9877 
0.6 449.476 98.3319 73.5548 75.4968 77.4032 76.4789 73.4595 69.4574 65.2934 
0.61 449.306 98.9693 71.9877 74.4178 77.6972 77.6394 74.4609 69.3613 63.4852 
0.62 449.283 98.6773 73.5987 75.279 75.8994 74.3866 72.3215 70.5084 69.1404 
0.63 449.923 98.5271 73.6712 75.4507 77.5681 76.9745 74.0869 69.8963 65.2703 
0.64 448.953 100.465 73.6338 72.4615 72.9546 72.9016 72.5185 72.0773 71.6967 
0.65 448.843 100.899 70.1 73.7099 78.5775 78.9266 75.1515 69.1212 62.4621 
0.66 449.683 97.6337 73.4384 75.3951 77.4553 76.7492 73.7859 69.4988 64.6368 
0.67 449.251 97.7098 73.1887 75.8598 77.6758 76.2077 72.8622 69.0398 65.5087 
0.68 449.552 97.7192 73.9732 75.6656 77.2302 76.2127 73.316 69.5331 65.593 
0.69 449.444 98.0298 73.0878 75.0398 77.4643 77.0678 74.0468 69.3054 63.7536 
0.7 450.034 97.3701 74.6763 76.7714 77.832 76.1887 73.1019 69.6692 66.4793 
0.71 449.64 97.336 74.1104 76.3964 77.7054 76.1219 72.9266 69.3027 65.9065 
0.72 449.66 97.9314 73.3858 75.5747 77.7576 76.9655 73.79 69.326 64.4693 
0.73 449.455 99.1977 72.3097 74.9909 77.8342 77.1267 73.8366 69.4768 65.0806 
0.74 448.337 98.6972 71.4659 74.3137 77.6297 77.2868 73.941 69.0071 63.6035 
0.75 448.944 96.7947 73.345 75.4995 77.4967 76.6898 73.6215 69.2031 64.1864 
0.76 449.244 96.9363 73.7093 75.5921 77.3749 76.4923 73.5171 69.3678 64.7679 
0.77 448.019 102.77 70.547 69.0239 70.877 72.4106 73.3288 73.8254 74.0805 
0.78 450.232 99.068 72.4225 75.2492 78.1466 77.5688 74.3775 69.8292 64.7916 
0.79 449.495 97.5189 74.4355 75.6416 77.0231 76.1337 73.3978 69.6298 65.5235 
0.8 450.125 97.2601 74.6922 75.9213 77.2409 76.3531 73.6705 69.9057 65.6426 
0.81 448.639 96.9426 74.1874 75.3516 76.6805 75.7679 73.0065 69.1893 65.0131 
0.82 449.258 97.3852 73.6243 75.6451 77.5948 76.6985 73.5305 69.1038 64.2389 
0.83 449.614 97.2547 74.562 75.8535 77.0618 75.9425 73.1165 69.4812 65.7105 
0.84 450.177 99.0968 74.8047 75.6372 76.1679 74.8504 72.8085 70.7998 69.1109 
0.85 449.908 97.7143 74.4731 75.862 77.2466 76.2206 73.3626 69.5772 65.5692 
0.86 449.363 97.2989 74.5728 75.8972 77.0157 75.7877 72.9578 69.4709 65.9834 
0.87 449.455 97.6754 74.2996 75.5673 76.9179 75.9546 73.2569 69.7313 66.0694 
0.88 450.824 98.0944 74.9129 76.3054 77.7262 76.7549 73.9483 70.2162 66.2767 
0.89 449.091 97.2861 74.4471 75.6008 76.6876 75.5292 72.7811 69.3337 65.8301 
0.9 449.601 99.3728 71.5244 74.083 77.8347 78.172 75.0888 69.6896 63.1419 
0.91 450.088 96.8276 74.7462 76.48 77.5515 76.0854 73.0214 69.3557 65.7378 
0.92 450.242 97.608 74.3858 75.7656 77.4905 76.9189 74.2519 70.1365 65.1952 
0.93 449.772 97.0767 74.9727 76.1358 77.122 75.8709 73.0477 69.5457 66.0203 
0.94 448.411 96.717 73.3033 75.267 77.178 76.363 73.4128 69.2516 64.5834 
0.95 449.659 97.2101 75.112 76.347 77.1383 75.6922 72.8971 69.6742 66.5877 
0.96 449.64 96.8429 74.6153 76.2228 77.6445 76.6348 73.7464 69.7993 65.4311 
0.97 449.931 97.1291 74.647 75.7288 77.2299 76.6645 74.1201 70.123 65.2396 
0.98 449.332 96.6873 74.1527 75.8046 77.2819 76.2638 73.3165 69.2917 64.8585 
0.99 449.892 96.8234 75.4411 76.6375 77.1864 75.6159 72.8202 69.6275 66.541 