-0.128088
-0.129085
-0.128672
-0.131059
-0.130223
-0.129993
-0.126420
-0.125915
-0.123621
-0.115107
-0.007683
-0.007469
-0.113962
-0.108995
0.000266
-0.104229
-0.101804
-0.096499
-0.091800
-0.087966
-0.083278
-0.079963
0.021159
-0.077671
0.022699
-0.074123
-0.071419
-0.066202
-0.063960
-0.060553
-0.060559
-0.059124
-0.053195
-0.054779
-0.051695
-0.046572
-0.049102
-0.046158
-0.040031
-0.044252
-0.041375
-0.037653
-0.036268
-0.037659
-0.032577
-0.035244
-0.029198
-0.034597
-0.032107
-0.026164
-0.028949
-0.028079
-0.030096
-0.025105
-0.023126
0.046469
-0.028042
-0.025415
-0.023374
-0.024041
-0.023392
-0.021451
0.047136
-0.021918
-0.020100
-0.018511
-0.020243
-0.022354
-0.017990
-0.021333
-0.022335
0.047708
-0.018697
0.047627
-0.022602
0.047543
-0.019704
-0.016972
-0.018742
-0.015092
-0.021279
-0.016257
-0.019622
-0.020683
-0.019543
-0.019832
-0.018736
-0.012081
-0.017262
-0.013314
-0.011225
0.048088
-0.018676
-0.015562
-0.016496
-0.012614
-0.015880
0.048109
-0.017878
-0.017522
-0.015730
-0.010178
-0.009974
-0.012553
-0.015517
-0.011013
-0.010803
-0.015380
-0.013703
-0.013454
-0.009911
-0.013810
-0.009534
-0.007800
-0.009223
-0.007521
-0.007395
-0.011972
-0.010638
-0.006960
-0.012217
-0.006703
-0.007308
-0.011005
-0.007047
-0.006938
-0.011319
-0.010414
-0.008169
-0.006453
-0.007065
-0.008827
-0.011011
-0.006708
-0.006612
-0.007366
-0.005112
-0.005672
-0.010311
-0.010163
-0.008800
-0.006735
-0.005190
-0.009697
-0.005021
-0.005588
-0.004305
0.047005
-0.009916
-0.005816
-0.004500
-0.007406
-0.006386
-0.008205
-0.004212
-0.009213
-0.007910
-0.008446
0.046843
-0.009448
-0.006228
-0.007056
-0.009122
-0.005957
-0.006775
-0.005034
0.046795
-0.005418
-0.005349
-0.007953
-0.006873
-0.008407
0.046833
-0.004260
-0.008808
-0.008019
-0.009102
-0.005146
-0.003909
-0.008318
-0.003792
-0.008672
-0.004221
-0.004761
-0.007903
-0.005373
0.046600
0.046830
-0.009375
-0.004712
-0.008659
-0.003999
-0.008994
-0.003869
0.046838
-0.004216
-0.009316
-0.006992
-0.009088
-0.008459
0.046859
-0.006275
-0.008836
-0.008015
-0.009112
-0.006809
-0.005817
0.046842
-0.008881
-0.005326
-0.005259
-0.006900
-0.007798
-0.008391
-0.003777
-0.005668
0.046781
-0.007993
-0.007887
-0.005095
-0.005813
-0.008822
-0.003710
-0.005593
-0.003611
-0.008012
-0.006276
-0.004571
-0.004518
-0.003886
-0.003843
-0.003272
-0.005069
-0.007455
-0.007862
-0.007765
-0.003004
-0.004031
-0.007071
-0.005460
0.046233
-0.007931
-0.004182
-0.003062
-0.006589
-0.004036
-0.007586
-0.007000
-0.002825
-0.007373
-0.007285
-0.003170
0.046101
-0.006521
-0.006444
-0.007494
-0.006284
-0.002758
-0.006173
-0.005205
-0.007144
-0.007060
0.046010
-0.006985
-0.002794
-0.002766
-0.007311
-0.002683
-0.002658
-0.003644
-0.005101
-0.004239
0.046015
0.046278
-0.004267
0.046500
-0.004026
-0.003980
-0.007872
-0.003328
-0.003828
-0.003786
-0.003744
-0.004280
-0.004231
-0.005784
-0.003040
-0.007776
-0.006528
-0.002892
-0.002863
-0.004601
0.046278
-0.007500
0.046486
-0.005326
-0.003906
-0.005212
-0.003808
-0.003766
-0.003192
-0.005890
-0.004206
-0.007435
0.046460
-0.008339
-0.007036
-0.003754
-0.005927
-0.007547
-0.007456
-0.005700
-0.005633
-0.006511
-0.003364
-0.005452
-0.007471
-0.006237
-0.005244
-0.002626
-0.005151
-0.002558
-0.006634
-0.002488
-0.005867
-0.003413
-0.006406
-0.004002
-0.002777
-0.002289
-0.003903
-0.006630
-0.006088
0.045767
-0.006503
-0.005776
-0.002352
-0.003986
-0.006738
-0.006662
0.045829
-0.002978
-0.006566
-0.005827
-0.006422
-0.004803
-0.004751
-0.005587
-0.002220
-0.006134
-0.006068
0.045760
-0.006936
-0.004839
-0.002321
-0.006764
-0.003893
-0.005534
-0.003138
0.045804
-0.002444
0.046058
-0.002730
-0.007425
-0.006179
-0.006817
-0.003575
-0.006690
-0.004178
-0.002435
-0.004105
-0.004880
-0.004013
-0.005682
-0.006736
-0.003857
-0.002644
-0.002163
-0.004558
-0.002110
-0.005363
-0.005306
-0.002015
0.045682
-0.002278
-0.002723
-0.002234
-0.002214
-0.006200
-0.005467
-0.003731
-0.002535
-0.003666
-0.002035
-0.004391
-0.006307
-0.001943
-0.002847
-0.006176
-0.001864
-0.004154
-0.003352
-0.004078
-0.001765
-0.002640
-0.003990
-0.002120
-0.002102
-0.005793
-0.005733
-0.002459
-0.001987
0.045235
0.045531
-0.002087
0.045798
-0.002355
-0.004025
-0.002772
-0.003952
-0.006772
-0.003851
-0.002626
-0.002143
-0.002124
-0.005431
-0.003685
-0.003648
-0.005963
-0.005899
-0.001935
-0.005810
-0.006184
-0.003394
-0.003362
-0.004096
-0.004055
-0.003256
-0.003225
-0.003949
-0.002539
-0.005788
-0.005285
-0.001576
-0.003771
-0.002999
-0.003706
-0.005091
-0.005487
-0.001825
-0.004376
-0.004914
-0.002771
-0.004835
-0.002131
-0.002693
-0.003374
-0.004695
-0.002037
-0.004627
0.044820
-0.004997
-0.002825
-0.003519
-0.005323
0.045003
-0.003045
-0.005212
-0.002371
0.045226
-0.002649
-0.002152
-0.003999
0.045453
-0.004334
-0.005175
-0.006227
-0.002756
-0.004152
-0.004111
-0.003299
-0.002157
-0.001716
-0.001702
-0.003973
-0.002547
-0.001642
-0.005817
-0.003837
-0.001977
-0.001552
-0.003762
-0.001920
-0.005172
-0.001872
-0.001458
-0.003628
-0.003594
0.045139
-0.004770
-0.003113
-0.004688
-0.005288
0.045307
-0.006094
-0.006029
-0.005547
-0.001669
-0.002075
-0.003154
-0.003124
-0.004706
-0.005313
-0.003764
-0.005216
-0.003685
-0.005546
-0.005489
-0.004383
-0.004340
-0.003479
-0.001316
-0.001691
-0.001678
-0.005247
-0.002060
-0.002624
-0.001222
-0.004695
-0.004650
-0.001165
-0.001943
0.044828
-0.002200
-0.002182
-0.004930
-0.002132
-0.001681
-0.004222
-0.004791
-0.004745
-0.002008
-0.004676
-0.003239
-0.003211
0.044825
-0.002785
-0.002165
-0.002147
-0.004266
-0.004846
-0.002067
-0.002050
-0.004750
-0.004099
-0.001179
-0.001171
-0.001534
-0.002514
0.044847
-0.004359
-0.005371
-0.005317
-0.002089
0.045025
-0.005245
-0.005602
-0.001828
-0.003612
-0.004416
-0.005435
-0.005380
-0.002126
-0.005300
-0.001640
-0.004184
-0.001600
-0.004747
-0.002565
-0.002543
-0.005064
-0.001912
-0.001113
-0.004979
-0.001443
-0.002408
-0.001825
-0.003065
-0.002349
0.044696
-0.005204
-0.004112
-0.003262
-0.001525
-0.001934
-0.004005
-0.002463
-0.001091
-0.002432
-0.001845
